P,1,5,2817,3849.58
P,8,6,2301,130.47
P,3,6,2231,4355.96
P,1,4,59,3406.95
P,1,1,1243,3070.5
P,1,1,587,1128.59
P,1,4,246,4490.66
P,1,4,1135,2760.04
P,1,5,2811,4276.09
P,1,1,2236,2802.67
P,6,1,1143,3150.04
P,1,2,1200,727.91
P,4,7,767,2069.28
P,1,1,203,2814.05
P,1,3,1155,3483.2
P,1,5,57,2816.92
P,7,9,731,148.45
D,1,10
N,2289,1,3,7
2079,1,3
6215,1,2
38039,1,9
40321,1,6
40615,1,5
47586,1,9
84174,1,1
N,75,1,3,10
4163,1,3
6182,1,4
6215,1,3
15587,1,10
72903,1,1
78205,1,1
81380,1,3
85050,1,6
85671,1,4
98023,1,4
N,263,1,1,6
6177,1,4
24286,1,2
40161,1,6
48727,1,4
71319,1,1
89445,1,9
N,2179,1,5,8
5172,1,2
14054,1,1
19271,1,5
32423,1,6
55015,1,6
75431,5,7
81383,1,10
82663,1,2
I,1,4,35
N,235,1,3,18
24774,1,6
70229,1,3
13852,1,4
36061,1,7
85668,1,9
63107,1,2
22342,1,7
11985,1,4
23767,1,6
30391,1,3
32471,1,6
40135,1,2
54373,1,9
61031,1,7
81607,1,10
81634,1,10
83045,1,4
89318,1,1
N,2007,1,5,5
20167,1,6
32231,1,9
69155,1,6
89823,1,8
98023,1,9
P,1,5,135,3483.47
P,1,5,151,3338.73
S,1,2,11,40
N,315,1,5,18
60995,1,2
85719,1,7
87687,1,7
97301,1,4
80580,1,5
56023,1,6
3303,1,2
5702,1,8
6196,1,4
10963,1,7
22180,1,9
26341,1,4
30303,1,5
53921,1,1
69252,1,2
79271,1,2
89543,1,2
97247,1,3
D,1,10
P,1,2,1283,4999.5
D,1,1
D,1,1
N,971,1,3,8
31422,1,9
31447,1,1
31961,1,4
51234,1,1
73445,1,6
78567,1,1
81575,1,8
89799,1,2
N,2009,1,5,8
14631,1,8
31863,1,10
47269,1,2
56678,1,6
60635,1,3
68386,1,9
96519,1,5
96995,1,6
N,2563,1,1,12
63199,1,6
85607,1,8
2115,1,3
5943,1,7
5958,1,7
24293,1,2
50471,1,8
54630,1,7
58951,1,9
80612,1,5
91870,1,5
97927,1,5
N,199,1,1,9
39781,1,9
3655,1,8
38302,1,8
40167,1,6
40538,1,2
44517,1,9
46677,1,4
64615,1,9
97508,1,6
N,2179,1,3,5
14151,1,7
24289,1,1
40679,1,10
51365,1,2
56799,2,5
N,2042,1,3,16
81479,1,9
12311,1,9
32223,1,10
5663,1,2
30113,1,2
19679,1,7
11900,1,9
13207,1,8
21159,1,1
24213,1,6
33135,1,7
55005,1,1
89279,1,10
89815,1,10
97249,1,8
97883,1,5
N,1242,1,1,19
16100,1,5
40165,1,7
16012,1,1
29287,1,6
48597,1,3
29926,1,2
8787,1,4
89299,1,8
6069,1,4
6143,1,9
28263,1,6
31957,1,9
32486,1,6
40422,1,1
44509,1,1
60646,1,7
65155,1,6
76131,1,8
81639,1,8
N,327,1,5,14
29071,1,5
54983,1,5
93606,1,4
1093,1,9
1855,1,3
11983,1,6
25807,1,8
26295,1,7
34516,1,10
37199,1,5
40258,1,4
73379,1,10
87779,1,8
89269,1,4
N,263,1,4,7
28614,1,9
36047,1,5
48601,1,4
64743,1,5
74998,1,6
97123,1,4
98020,1,10
N,138,1,2,15
46554,1,7
32165,1,5
10599,1,5
47335,1,6
3399,1,2
5685,1,5
9023,1,9
11751,1,9
12343,1,1
61015,1,5
73341,1,4
77031,1,2
87719,1,10
94911,1,3
98021,1,10
N,2283,1,1,16
77279,1,4
30887,1,4
1204,1,7
77379,1,5
9951,1,7
11667,1,3
14050,1,1
19027,1,1
24163,1,5
32479,1,6
36959,1,3
37028,1,5
48850,1,5
53972,1,7
80103,1,5
89791,1,2
N,2218,1,2,16
32455,1,1
45958,1,4
23783,1,1
5829,1,7
4919,1,8
39645,1,9
32487,1,2
15041,1,4
28175,1,1
47668,1,10
50335,1,7
73183,1,2
75460,1,8
81631,1,2
86750,1,7
98022,1,4
N,2177,1,3,9
2081,1,10
5189,1,3
6189,1,3
31899,1,3
57025,1,2
58854,10,3
81111,1,1
85697,1,9
89799,1,3
N,2115,1,5,16
87749,1,1
64487,1,6
97991,1,3
97508,1,4
23638,1,6
77139,1,1
6069,1,5
16101,1,1
20951,1,4
31455,1,4
40675,1,2
64199,1,10
80703,1,3
87685,1,8
88468,1,1
89759,1,3
N,2143,1,4,7
14047,1,5
30311,1,5
42727,1,7
71367,1,9
76773,1,2
79268,1,5
93927,1,7
N,1887,1,2,14
62938,1,10
36327,1,1
97998,1,6
72157,1,3
97764,1,9
29407,1,8
30420,1,3
32467,1,1
47975,1,9
48675,1,1
72391,1,8
73415,1,1
81383,1,7
89799,1,7
N,2285,1,4,9
12007,1,10
13115,1,6
23395,1,3
23520,1,7
42706,1,5
53968,1,8
64135,1,10
68183,1,8
83671,1,8
N,1969,1,2,7
6141,1,3
6199,1,2
30439,1,1
30943,1,1
60255,1,2
77541,1,9
97933,1,5